0.000
0.254
0.508
0.762
1.016
1.27
1.524
1.778
2.032
2.286
2.54
2.795
3.049
3.303
3.557
3.811
4.065
4.319
4.573
4.827
5.081
5.336
5.59
5.844
6.098
6.352
6.606
6.86
7.114
7.368
7.622
7.877
8.131
8.385
8.639
8.893
9.147
9.401
9.655
9.909
10.16
10.41
10.67
10.92
11.18
11.18
10.92
10.67
10.41
10.16
9.909
9.655
9.401
9.147
8.893
8.639
8.385
8.131
7.877
7.622
7.368
7.114
6.86
6.606
6.352
6.098
5.844
5.59
5.336
5.081
4.827
4.573
4.319
4.065
3.811
3.557
3.303
3.049
2.795
2.54
2.286
2.032
1.778
1.524
1.27
1.016
0.762
0.508
0.254
