0.000; 0.000; 0.000; 0.000; 
0.05; 0.05; 0.000; 0.000; 
0.1; 0.1; 0.000; 0.000; 
0.15; 0.15; 0.003; 0.003; 
0.2; 0.2; 0.005; 0.005; 
0.25; 0.25; 0.007; 0.007; 
0.3; 0.3; 0.01; 0.01; 
0.35; 0.35; 0.013; 0.013; 
0.4; 0.4; 0.018; 0.018; 
0.449; 0.449; 0.022; 0.022; 
0.5; 0.5; 0.027; 0.027; 
0.55; 0.55; 0.033; 0.033; 
0.6; 0.6; 0.039; 0.039; 
0.65; 0.65; 0.045; 0.045; 
0.7; 0.7; 0.052; 0.052; 
0.75; 0.75; 0.06; 0.06; 
0.8; 0.8; 0.068; 0.068; 
0.85; 0.85; 0.076; 0.076; 
0.899; 0.899; 0.085; 0.085; 
0.95; 0.95; 0.095; 0.095; 
1.0; 1.0; 0.105; 0.105; 
1.05; 1.05; 0.115; 0.115; 
1.1; 1.1; 0.126; 0.126; 
1.15; 1.15; 0.138; 0.138; 
1.2; 1.2; 0.15; 0.15; 
1.25; 1.25; 0.162; 0.162; 
1.3; 1.3; 0.175; 0.175; 
1.35; 1.35; 0.189; 0.189; 
1.4; 1.4; 0.203; 0.203; 
1.45; 1.45; 0.217; 0.217; 
1.5; 1.5; 0.232; 0.232; 
1.55; 1.55; 0.248; 0.248; 
1.6; 1.6; 0.264; 0.264; 
1.65; 1.65; 0.28; 0.28; 
1.7; 1.7; 0.297; 0.297; 
1.75; 1.75; 0.315; 0.315; 
1.799; 1.799; 0.333; 0.333; 
1.85; 1.85; 0.351; 0.351; 
1.9; 1.9; 0.37; 0.37; 
1.95; 1.95; 0.39; 0.39; 
2.0; 2.0; 0.41; 0.41; 
2.05; 2.05; 0.43; 0.43; 
2.1; 2.1; 0.451; 0.451; 
2.15; 2.15; 0.473; 0.473; 
2.2; 2.2; 0.495; 0.495; 
2.25; 2.25; 0.517; 0.517; 
2.3; 2.3; 0.54; 0.54; 
2.349; 2.349; 0.564; 0.564; 
2.4; 2.4; 0.588; 0.588; 
2.45; 2.45; 0.612; 0.612; 
2.5; 2.5; 0.637; 0.637; 
2.55; 2.55; 0.663; 0.663; 
2.6; 2.6; 0.689; 0.689; 
2.65; 2.65; 0.715; 0.715; 
2.7; 2.7; 0.742; 0.742; 
2.75; 2.75; 0.77; 0.77; 
2.8; 2.8; 0.798; 0.798; 
2.849; 2.849; 0.826; 0.826; 
2.9; 2.9; 0.855; 0.855; 
2.949; 2.949; 0.885; 0.885; 
3.0; 3.0; 0.915; 0.915; 
3.05; 3.05; 0.945; 0.945; 
3.1; 3.1; 0.976; 0.976; 
3.15; 3.15; 1.008; 1.008; 
3.2; 3.2; 1.04; 1.04; 
3.25; 3.25; 1.072; 1.072; 
3.3; 3.3; 1.105; 1.105; 
3.35; 3.35; 1.139; 1.139; 
3.4; 3.4; 1.173; 1.173; 
3.449; 3.449; 1.207; 1.207; 
3.5; 3.5; 1.242; 1.242; 
3.55; 3.55; 1.278; 1.278; 
3.599; 3.599; 1.314; 1.314; 
3.65; 3.65; 1.35; 1.35; 
3.7; 3.7; 1.387; 1.387; 
3.75; 3.75; 1.425; 1.425; 
3.8; 3.8; 1.463; 1.463; 
3.85; 3.85; 1.501; 1.501; 
3.9; 3.9; 1.54; 1.54; 
3.95; 3.95; 1.58; 1.58; 
4.0; 4.0; 1.62; 1.62; 
4.05; 4.05; 1.66; 1.66; 
4.1; 4.1; 1.701; 1.701; 
4.149; 4.149; 1.743; 1.743; 
4.2; 4.2; 1.785; 1.785; 
4.25; 4.25; 1.827; 1.827; 
4.3; 4.3; 1.87; 1.87; 
4.35; 4.35; 1.914; 1.914; 
4.4; 4.4; 1.958; 1.958; 
4.45; 4.45; 2.002; 2.002; 
4.5; 4.5; 2.047; 2.047; 
4.55; 4.55; 2.093; 2.093; 
4.6; 4.6; 2.139; 2.139; 
4.65; 4.65; 2.185; 2.185; 
4.699; 4.699; 2.232; 2.232; 
4.75; 4.75; 2.28; 2.28; 
4.8; 4.8; 2.328; 2.328; 
4.85; 4.85; 2.376; 2.376; 
4.9; 4.9; 2.425; 2.425; 
4.95; 4.95; 2.475; 2.475; 
5.0; 5.0; 2.525; 2.525; 
5.0; 5.0; 2.575; 2.575; 
5.0; 5.0; 2.625; 2.625; 
5.0; 5.0; 2.675; 2.675; 
5.0; 5.0; 2.724; 2.724; 
5.0; 5.0; 2.774; 2.774; 
5.0; 5.0; 2.824; 2.824; 
5.0; 5.0; 2.874; 2.874; 
5.0; 5.0; 2.924; 2.924; 
5.0; 5.0; 2.974; 2.974; 
5.0; 5.0; 3.024; 3.024; 
5.0; 5.0; 3.074; 3.074; 
5.0; 5.0; 3.124; 3.124; 
5.0; 5.0; 3.174; 3.174; 
5.0; 5.0; 3.224; 3.224; 
5.0; 5.0; 3.274; 3.274; 
5.0; 5.0; 3.324; 3.324; 
5.0; 5.0; 3.374; 3.374; 
5.0; 5.0; 3.424; 3.424; 
5.0; 5.0; 3.474; 3.474; 
5.0; 5.0; 3.524; 3.524; 
5.0; 5.0; 3.574; 3.574; 
5.0; 5.0; 3.624; 3.624; 
5.0; 5.0; 3.674; 3.674; 
5.0; 5.0; 3.724; 3.724; 
5.0; 5.0; 3.774; 3.774; 
5.0; 5.0; 3.824; 3.824; 
5.0; 5.0; 3.874; 3.874; 
5.0; 5.0; 3.924; 3.924; 
5.0; 5.0; 3.974; 3.974; 
5.0; 5.0; 4.024; 4.024; 
5.0; 5.0; 4.074; 4.074; 
5.0; 5.0; 4.124; 4.124; 
5.0; 5.0; 4.174; 4.174; 
5.0; 5.0; 4.224; 4.224; 
5.0; 5.0; 4.274; 4.274; 
5.0; 5.0; 4.324; 4.324; 
5.0; 5.0; 4.374; 4.374; 
5.0; 5.0; 4.424; 4.424; 
5.0; 5.0; 4.474; 4.474; 
5.0; 5.0; 4.524; 4.524; 
5.0; 5.0; 4.574; 4.574; 
5.0; 5.0; 4.624; 4.624; 
5.0; 5.0; 4.674; 4.674; 
5.0; 5.0; 4.724; 4.724; 
5.0; 5.0; 4.774; 4.774; 
5.0; 5.0; 4.824; 4.824; 
5.0; 5.0; 4.874; 4.874; 
5.0; 5.0; 4.924; 4.924; 
5.0; 5.0; 4.974; 4.974; 
5.0; 5.0; 5.024; 5.024; 
5.0; 5.0; 5.074; 5.074; 
5.0; 5.0; 5.124; 5.124; 
5.0; 5.0; 5.174; 5.174; 
5.0; 5.0; 5.224; 5.224; 
5.0; 5.0; 5.274; 5.274; 
5.0; 5.0; 5.324; 5.324; 
5.0; 5.0; 5.374; 5.374; 
5.0; 5.0; 5.424; 5.424; 
5.0; 5.0; 5.474; 5.474; 
5.0; 5.0; 5.524; 5.524; 
5.0; 5.0; 5.574; 5.574; 
5.0; 5.0; 5.624; 5.624; 
5.0; 5.0; 5.674; 5.674; 
5.0; 5.0; 5.724; 5.724; 
5.0; 5.0; 5.774; 5.774; 
5.0; 5.0; 5.824; 5.824; 
5.0; 5.0; 5.874; 5.874; 
5.0; 5.0; 5.924; 5.924; 
5.0; 5.0; 5.974; 5.974; 
5.0; 5.0; 6.024; 6.024; 
5.0; 5.0; 6.074; 6.074; 
5.0; 5.0; 6.124; 6.124; 
5.0; 5.0; 6.174; 6.174; 
5.0; 5.0; 6.224; 6.224; 
5.0; 5.0; 6.274; 6.274; 
5.0; 5.0; 6.324; 6.324; 
5.0; 5.0; 6.374; 6.374; 
5.0; 5.0; 6.424; 6.424; 
5.0; 5.0; 6.474; 6.474; 
5.0; 5.0; 6.524; 6.524; 
5.0; 5.0; 6.574; 6.574; 
5.0; 5.0; 6.624; 6.624; 
5.0; 5.0; 6.674; 6.674; 
5.0; 5.0; 6.724; 6.724; 
5.0; 5.0; 6.774; 6.774; 
5.0; 5.0; 6.824; 6.824; 
5.0; 5.0; 6.874; 6.874; 
5.0; 5.0; 6.924; 6.924; 
5.0; 5.0; 6.974; 6.974; 
5.0; 5.0; 7.024; 7.024; 
5.0; 5.0; 7.074; 7.074; 
5.0; 5.0; 7.124; 7.124; 
5.0; 5.0; 7.174; 7.174; 
5.0; 5.0; 7.224; 7.224; 
5.0; 5.0; 7.274; 7.274; 
5.0; 5.0; 7.324; 7.324; 
5.0; 5.0; 7.374; 7.374; 
5.0; 5.0; 7.424; 7.424; 
5.0; 5.0; 7.474; 7.474; 
5.0; 5.0; 7.524; 7.524; 
5.0; 5.0; 7.574; 7.574; 
5.0; 5.0; 7.624; 7.624; 
5.0; 5.0; 7.674; 7.674; 
5.0; 5.0; 7.724; 7.724; 
5.0; 5.0; 7.774; 7.774; 
5.0; 5.0; 7.824; 7.824; 
5.0; 5.0; 7.874; 7.874; 
5.0; 5.0; 7.924; 7.924; 
5.0; 5.0; 7.974; 7.974; 
5.0; 5.0; 8.024; 8.024; 
5.0; 5.0; 8.074; 8.074; 
5.0; 5.0; 8.124; 8.124; 
5.0; 5.0; 8.174; 8.174; 
5.0; 5.0; 8.224; 8.224; 
5.0; 5.0; 8.274; 8.274; 
5.0; 5.0; 8.324; 8.324; 
5.0; 5.0; 8.374; 8.374; 
5.0; 5.0; 8.424; 8.424; 
5.0; 5.0; 8.474; 8.474; 
5.0; 5.0; 8.524; 8.524; 
5.0; 5.0; 8.574; 8.574; 
5.0; 5.0; 8.624; 8.624; 
5.0; 5.0; 8.674; 8.674; 
5.0; 5.0; 8.724; 8.724; 
5.0; 5.0; 8.774; 8.774; 
5.0; 5.0; 8.824; 8.824; 
5.0; 5.0; 8.874; 8.874; 
5.0; 5.0; 8.924; 8.924; 
5.0; 5.0; 8.974; 8.974; 
5.0; 5.0; 9.024; 9.024; 
5.0; 5.0; 9.074; 9.074; 
5.0; 5.0; 9.124; 9.124; 
5.0; 5.0; 9.174; 9.174; 
5.0; 5.0; 9.224; 9.224; 
5.0; 5.0; 9.274; 9.274; 
5.0; 5.0; 9.325; 9.325; 
5.0; 5.0; 9.375; 9.375; 
5.0; 5.0; 9.425; 9.425; 
5.0; 5.0; 9.475; 9.475; 
5.0; 5.0; 9.525; 9.525; 
5.0; 5.0; 9.575; 9.575; 
5.0; 5.0; 9.625; 9.625; 
5.0; 5.0; 9.675; 9.675; 
5.0; 5.0; 9.725; 9.725; 
5.0; 5.0; 9.775; 9.775; 
5.0; 5.0; 9.825; 9.825; 
5.0; 5.0; 9.875; 9.875; 
5.0; 5.0; 9.925; 9.925; 
5.0; 5.0; 9.975; 9.975; 
5.0; 5.0; 10.02; 10.02; 
5.0; 5.0; 10.07; 10.07; 
5.0; 5.0; 10.12; 10.12; 
5.0; 5.0; 10.17; 10.17; 
5.0; 5.0; 10.22; 10.22; 
5.0; 5.0; 10.27; 10.27; 
5.0; 5.0; 10.32; 10.32; 
5.0; 5.0; 10.37; 10.37; 
5.0; 5.0; 10.42; 10.42; 
5.0; 5.0; 10.47; 10.47; 
5.0; 5.0; 10.52; 10.52; 
5.0; 5.0; 10.57; 10.57; 
5.0; 5.0; 10.62; 10.62; 
5.0; 5.0; 10.67; 10.67; 
5.0; 5.0; 10.72; 10.72; 
5.0; 5.0; 10.77; 10.77; 
5.0; 5.0; 10.82; 10.82; 
5.0; 5.0; 10.87; 10.87; 
5.0; 5.0; 10.92; 10.92; 
5.0; 5.0; 10.97; 10.97; 
5.0; 5.0; 11.02; 11.02; 
5.0; 5.0; 11.07; 11.07; 
5.0; 5.0; 11.12; 11.12; 
5.0; 5.0; 11.17; 11.17; 
5.0; 5.0; 11.22; 11.22; 
5.0; 5.0; 11.27; 11.27; 
5.0; 5.0; 11.32; 11.32; 
5.0; 5.0; 11.37; 11.37; 
5.0; 5.0; 11.42; 11.42; 
5.0; 5.0; 11.47; 11.47; 
5.0; 5.0; 11.52; 11.52; 
5.0; 5.0; 11.57; 11.57; 
5.0; 5.0; 11.62; 11.62; 
5.0; 5.0; 11.67; 11.67; 
5.0; 5.0; 11.72; 11.72; 
5.0; 5.0; 11.77; 11.77; 
5.0; 5.0; 11.82; 11.82; 
5.0; 5.0; 11.87; 11.87; 
5.0; 5.0; 11.92; 11.92; 
5.0; 5.0; 11.97; 11.97; 
5.0; 5.0; 12.02; 12.02; 
5.0; 5.0; 12.07; 12.07; 
5.0; 5.0; 12.12; 12.12; 
5.0; 5.0; 12.17; 12.17; 
5.0; 5.0; 12.22; 12.22; 
5.0; 5.0; 12.27; 12.27; 
5.0; 5.0; 12.32; 12.32; 
5.0; 5.0; 12.37; 12.37; 
5.0; 5.0; 12.42; 12.42; 
5.0; 5.0; 12.47; 12.47; 
5.0; 5.0; 12.52; 12.52; 
5.0; 5.0; 12.57; 12.57; 
5.0; 5.0; 12.62; 12.62; 
5.0; 5.0; 12.67; 12.67; 
5.0; 5.0; 12.72; 12.72; 
5.0; 5.0; 12.77; 12.77; 
5.0; 5.0; 12.82; 12.82; 
5.0; 5.0; 12.87; 12.87; 
5.0; 5.0; 12.92; 12.92; 
5.0; 5.0; 12.97; 12.97; 
5.0; 5.0; 13.02; 13.02; 
5.0; 5.0; 13.07; 13.07; 
5.0; 5.0; 13.12; 13.12; 
5.0; 5.0; 13.17; 13.17; 
5.0; 5.0; 13.22; 13.22; 
5.0; 5.0; 13.27; 13.27; 
5.0; 5.0; 13.32; 13.32; 
5.0; 5.0; 13.37; 13.37; 
5.0; 5.0; 13.42; 13.42; 
5.0; 5.0; 13.47; 13.47; 
5.0; 5.0; 13.52; 13.52; 
5.0; 5.0; 13.57; 13.57; 
5.0; 5.0; 13.62; 13.62; 
5.0; 5.0; 13.67; 13.67; 
5.0; 5.0; 13.72; 13.72; 
5.0; 5.0; 13.77; 13.77; 
5.0; 5.0; 13.82; 13.82; 
5.0; 5.0; 13.87; 13.87; 
5.0; 5.0; 13.92; 13.92; 
5.0; 5.0; 13.97; 13.97; 
5.0; 5.0; 14.02; 14.02; 
5.0; 5.0; 14.07; 14.07; 
5.0; 5.0; 14.12; 14.12; 
5.0; 5.0; 14.17; 14.17; 
5.0; 5.0; 14.22; 14.22; 
5.0; 5.0; 14.27; 14.27; 
5.0; 5.0; 14.32; 14.32; 
5.0; 5.0; 14.37; 14.37; 
5.0; 5.0; 14.42; 14.42; 
5.0; 5.0; 14.47; 14.47; 
5.0; 5.0; 14.52; 14.52; 
5.0; 5.0; 14.57; 14.57; 
5.0; 5.0; 14.62; 14.62; 
5.0; 5.0; 14.67; 14.67; 
5.0; 5.0; 14.72; 14.72; 
5.0; 5.0; 14.77; 14.77; 
5.0; 5.0; 14.82; 14.82; 
5.0; 5.0; 14.87; 14.87; 
5.0; 5.0; 14.92; 14.92; 
5.0; 5.0; 14.97; 14.97; 
5.0; 5.0; 15.02; 15.02; 
5.0; 5.0; 15.07; 15.07; 
5.0; 5.0; 15.12; 15.12; 
5.0; 5.0; 15.17; 15.17; 
5.0; 5.0; 15.22; 15.22; 
5.0; 5.0; 15.27; 15.27; 
5.0; 5.0; 15.32; 15.32; 
5.0; 5.0; 15.37; 15.37; 
5.0; 5.0; 15.42; 15.42; 
5.0; 5.0; 15.47; 15.47; 
5.0; 5.0; 15.52; 15.52; 
5.0; 5.0; 15.57; 15.57; 
5.0; 5.0; 15.62; 15.62; 
5.0; 5.0; 15.67; 15.67; 
5.0; 5.0; 15.72; 15.72; 
5.0; 5.0; 15.77; 15.77; 
5.0; 5.0; 15.82; 15.82; 
5.0; 5.0; 15.87; 15.87; 
5.0; 5.0; 15.92; 15.92; 
5.0; 5.0; 15.97; 15.97; 
5.0; 5.0; 16.02; 16.02; 
5.0; 5.0; 16.07; 16.07; 
5.0; 5.0; 16.12; 16.12; 
5.0; 5.0; 16.17; 16.17; 
5.0; 5.0; 16.22; 16.22; 
5.0; 5.0; 16.27; 16.27; 
5.0; 5.0; 16.32; 16.32; 
5.0; 5.0; 16.37; 16.37; 
5.0; 5.0; 16.42; 16.42; 
5.0; 5.0; 16.47; 16.47; 
5.0; 5.0; 16.52; 16.52; 
5.0; 5.0; 16.57; 16.57; 
5.0; 5.0; 16.62; 16.62; 
5.0; 5.0; 16.67; 16.67; 
5.0; 5.0; 16.72; 16.72; 
5.0; 5.0; 16.77; 16.77; 
5.0; 5.0; 16.82; 16.82; 
5.0; 5.0; 16.87; 16.87; 
5.0; 5.0; 16.92; 16.92; 
5.0; 5.0; 16.97; 16.97; 
5.0; 5.0; 17.02; 17.02; 
5.0; 5.0; 17.07; 17.07; 
5.0; 5.0; 17.12; 17.12; 
5.0; 5.0; 17.17; 17.17; 
5.0; 5.0; 17.22; 17.22; 
5.0; 5.0; 17.27; 17.27; 
5.0; 5.0; 17.32; 17.32; 
5.0; 5.0; 17.37; 17.37; 
5.0; 5.0; 17.42; 17.42; 
5.0; 5.0; 17.47; 17.47; 
5.0; 5.0; 17.52; 17.52; 
5.0; 5.0; 17.57; 17.57; 
5.0; 5.0; 17.62; 17.62; 
5.0; 5.0; 17.67; 17.67; 
5.0; 5.0; 17.72; 17.72; 
5.0; 5.0; 17.77; 17.77; 
5.0; 5.0; 17.82; 17.82; 
5.0; 5.0; 17.87; 17.87; 
5.0; 5.0; 17.92; 17.92; 
5.0; 5.0; 17.97; 17.97; 
5.0; 5.0; 18.02; 18.02; 
5.0; 5.0; 18.07; 18.07; 
5.0; 5.0; 18.12; 18.12; 
5.0; 5.0; 18.17; 18.17; 
5.0; 5.0; 18.22; 18.22; 
5.0; 5.0; 18.27; 18.27; 
5.0; 5.0; 18.32; 18.32; 
5.0; 5.0; 18.37; 18.37; 
5.0; 5.0; 18.42; 18.42; 
5.0; 5.0; 18.47; 18.47; 
5.0; 5.0; 18.52; 18.52; 
5.0; 5.0; 18.57; 18.57; 
5.0; 5.0; 18.62; 18.62; 
5.0; 5.0; 18.67; 18.67; 
5.0; 5.0; 18.72; 18.72; 
5.0; 5.0; 18.77; 18.77; 
5.0; 5.0; 18.82; 18.82; 
5.0; 5.0; 18.87; 18.87; 
5.0; 5.0; 18.92; 18.92; 
5.0; 5.0; 18.97; 18.97; 
5.0; 5.0; 19.02; 19.02; 
5.0; 5.0; 19.07; 19.07; 
5.0; 5.0; 19.12; 19.12; 
5.0; 5.0; 19.17; 19.17; 
5.0; 5.0; 19.22; 19.22; 
5.0; 5.0; 19.27; 19.27; 
5.0; 5.0; 19.32; 19.32; 
5.0; 5.0; 19.37; 19.37; 
5.0; 5.0; 19.42; 19.42; 
5.0; 5.0; 19.47; 19.47; 
5.0; 5.0; 19.52; 19.52; 
5.0; 5.0; 19.57; 19.57; 
5.0; 5.0; 19.62; 19.62; 
5.0; 5.0; 19.67; 19.67; 
5.0; 5.0; 19.72; 19.72; 
5.0; 5.0; 19.77; 19.77; 
5.0; 5.0; 19.82; 19.82; 
5.0; 5.0; 19.87; 19.87; 
5.0; 5.0; 19.92; 19.92; 
5.0; 5.0; 19.97; 19.97; 
5.0; 5.0; 20.02; 20.02; 
5.0; 5.0; 20.07; 20.07; 
5.0; 5.0; 20.12; 20.12; 
5.0; 5.0; 20.17; 20.17; 
5.0; 5.0; 20.22; 20.22; 
5.0; 5.0; 20.27; 20.27; 
5.0; 5.0; 20.32; 20.32; 
5.0; 5.0; 20.37; 20.37; 
5.0; 5.0; 20.42; 20.42; 
5.0; 5.0; 20.47; 20.47; 
5.0; 5.0; 20.52; 20.52; 
5.0; 5.0; 20.57; 20.57; 
5.0; 5.0; 20.62; 20.62; 
5.0; 5.0; 20.67; 20.67; 
5.0; 5.0; 20.72; 20.72; 
5.0; 5.0; 20.77; 20.77; 
5.0; 5.0; 20.82; 20.82; 
5.0; 5.0; 20.87; 20.87; 
5.0; 5.0; 20.92; 20.92; 
5.0; 5.0; 20.97; 20.97; 
5.0; 5.0; 21.02; 21.02; 
5.0; 5.0; 21.07; 21.07; 
5.0; 5.0; 21.12; 21.12; 
5.0; 5.0; 21.17; 21.17; 
5.0; 5.0; 21.22; 21.22; 
5.0; 5.0; 21.27; 21.27; 
5.0; 5.0; 21.32; 21.32; 
5.0; 5.0; 21.37; 21.37; 
5.0; 5.0; 21.42; 21.42; 
5.0; 5.0; 21.47; 21.47; 
5.0; 5.0; 21.52; 21.52; 
5.0; 5.0; 21.57; 21.57; 
5.0; 5.0; 21.62; 21.62; 
5.0; 5.0; 21.67; 21.67; 
5.0; 5.0; 21.72; 21.72; 
5.0; 5.0; 21.77; 21.77; 
5.0; 5.0; 21.82; 21.82; 
5.0; 5.0; 21.87; 21.87; 
5.0; 5.0; 21.92; 21.92; 
5.0; 5.0; 21.97; 21.97; 
5.0; 5.0; 22.02; 22.02; 
5.0; 5.0; 22.07; 22.07; 
5.0; 5.0; 22.12; 22.12; 
5.0; 5.0; 22.17; 22.17; 
5.0; 5.0; 22.22; 22.22; 
5.0; 5.0; 22.27; 22.27; 
5.0; 5.0; 22.32; 22.32; 
5.0; 5.0; 22.37; 22.37; 
5.0; 5.0; 22.42; 22.42; 
5.0; 5.0; 22.47; 22.47; 
5.0; 5.0; 22.52; 22.52; 
4.95; 4.95; 22.57; 22.57; 
4.9; 4.9; 22.62; 22.62; 
4.85; 4.85; 22.67; 22.67; 
4.8; 4.8; 22.72; 22.72; 
4.75; 4.75; 22.76; 22.76; 
4.699; 4.699; 22.81; 22.81; 
4.649; 4.649; 22.86; 22.86; 
4.6; 4.6; 22.9; 22.9; 
4.55; 4.55; 22.95; 22.95; 
4.5; 4.5; 22.99; 22.99; 
4.45; 4.45; 23.04; 23.04; 
4.4; 4.4; 23.08; 23.08; 
4.35; 4.35; 23.12; 23.12; 
4.3; 4.3; 23.17; 23.17; 
4.25; 4.25; 23.21; 23.21; 
4.2; 4.2; 23.25; 23.25; 
4.149; 4.149; 23.29; 23.29; 
4.1; 4.1; 23.33; 23.33; 
4.05; 4.05; 23.38; 23.38; 
4.0; 4.0; 23.42; 23.42; 
3.95; 3.95; 23.45; 23.45; 
3.9; 3.9; 23.49; 23.49; 
3.85; 3.85; 23.53; 23.53; 
3.8; 3.8; 23.57; 23.57; 
3.75; 3.75; 23.61; 23.61; 
3.7; 3.7; 23.64; 23.64; 
3.65; 3.65; 23.68; 23.68; 
3.599; 3.599; 23.72; 23.72; 
3.55; 3.55; 23.75; 23.75; 
3.5; 3.5; 23.79; 23.79; 
3.449; 3.449; 23.82; 23.82; 
3.399; 3.399; 23.86; 23.86; 
3.349; 3.349; 23.89; 23.89; 
3.3; 3.3; 23.92; 23.92; 
3.25; 3.25; 23.96; 23.96; 
3.2; 3.2; 23.99; 23.99; 
3.15; 3.15; 24.02; 24.02; 
3.1; 3.1; 24.05; 24.05; 
3.05; 3.05; 24.08; 24.08; 
3.0; 3.0; 24.11; 24.11; 
2.95; 2.95; 24.14; 24.14; 
2.9; 2.9; 24.17; 24.17; 
2.85; 2.85; 24.2; 24.2; 
2.8; 2.8; 24.23; 24.23; 
2.75; 2.75; 24.25; 24.25; 
2.7; 2.7; 24.28; 24.28; 
2.65; 2.65; 24.31; 24.31; 
2.6; 2.6; 24.33; 24.33; 
2.55; 2.55; 24.36; 24.36; 
2.5; 2.5; 24.38; 24.38; 
2.45; 2.45; 24.41; 24.41; 
2.4; 2.4; 24.43; 24.43; 
2.349; 2.349; 24.45; 24.45; 
2.3; 2.3; 24.48; 24.48; 
2.25; 2.25; 24.5; 24.5; 
2.199; 2.199; 24.52; 24.52; 
2.15; 2.15; 24.54; 24.54; 
2.1; 2.1; 24.56; 24.56; 
2.05; 2.05; 24.59; 24.59; 
2.0; 2.0; 24.61; 24.61; 
1.95; 1.95; 24.62; 24.62; 
1.9; 1.9; 24.64; 24.64; 
1.85; 1.85; 24.66; 24.66; 
1.799; 1.799; 24.68; 24.68; 
1.75; 1.75; 24.7; 24.7; 
1.699; 1.699; 24.71; 24.71; 
1.65; 1.65; 24.73; 24.73; 
1.599; 1.599; 24.75; 24.75; 
1.55; 1.55; 24.76; 24.76; 
1.5; 1.5; 24.78; 24.78; 
1.45; 1.45; 24.79; 24.79; 
1.4; 1.4; 24.81; 24.81; 
1.35; 1.35; 24.82; 24.82; 
1.3; 1.3; 24.83; 24.83; 
1.25; 1.25; 24.85; 24.85; 
1.2; 1.2; 24.86; 24.86; 
1.15; 1.15; 24.87; 24.87; 
1.099; 1.099; 24.88; 24.88; 
1.049; 1.049; 24.89; 24.89; 
0.999; 0.999; 24.9; 24.9; 
0.949; 0.949; 24.91; 24.91; 
0.9; 0.9; 24.92; 24.92; 
0.85; 0.85; 24.93; 24.93; 
0.8; 0.8; 24.94; 24.94; 
0.75; 0.75; 24.94; 24.94; 
0.7; 0.7; 24.95; 24.95; 
0.65; 0.65; 24.96; 24.96; 
0.6; 0.6; 24.96; 24.96; 
0.549; 0.549; 24.97; 24.97; 
0.499; 0.499; 24.97; 24.97; 
0.449; 0.449; 24.98; 24.98; 
0.399; 0.399; 24.98; 24.98; 
0.349; 0.349; 24.98; 24.98; 
0.3; 0.3; 24.99; 24.99; 
0.25; 0.25; 24.99; 24.99; 
0.2; 0.2; 24.99; 24.99; 
0.15; 0.15; 24.99; 24.99; 
0.1; 0.1; 24.99; 24.99; 
0.05; 0.05; 25.0; 25.0; 
0.000; 0.000; 25.0; 25.0; 
0.037; 0.074; 25.0; 25.0; 
0.074; 0.149; 25.0; 25.0; 
0.111; 0.223; 25.0; 25.0; 
0.149; 0.298; 25.0; 25.0; 
0.186; 0.373; 25.0; 25.0; 
0.223; 0.447; 25.0; 25.0; 
0.261; 0.522; 25.0; 25.0; 
0.298; 0.597; 25.0; 25.0; 
0.335; 0.671; 25.0; 25.0; 
0.373; 0.746; 25.0; 25.0; 
0.41; 0.82; 25.0; 25.0; 
0.447; 0.895; 25.0; 25.0; 
0.485; 0.97; 25.0; 25.0; 
0.522; 1.044; 25.0; 25.01; 
0.559; 1.119; 25.0; 25.01; 
0.597; 1.194; 25.0; 25.01; 
0.634; 1.268; 25.0; 25.01; 
0.671; 1.343; 25.0; 25.01; 
0.708; 1.417; 25.0; 25.01; 
0.746; 1.492; 25.0; 25.01; 
0.783; 1.567; 25.0; 25.01; 
0.82; 1.641; 25.0; 25.01; 
0.858; 1.716; 25.0; 25.01; 
0.895; 1.791; 25.0; 25.01; 
0.932; 1.865; 25.0; 25.01; 
0.97; 1.94; 25.0; 25.01; 
1.007; 2.014; 25.01; 25.02; 
1.044; 2.089; 25.01; 25.02; 
1.082; 2.164; 25.01; 25.02; 
1.119; 2.238; 25.01; 25.02; 
1.156; 2.313; 25.01; 25.02; 
1.194; 2.388; 25.01; 25.02; 
1.231; 2.462; 25.01; 25.02; 
1.268; 2.537; 25.01; 25.02; 
1.305; 2.611; 25.01; 25.02; 
1.343; 2.686; 25.01; 25.02; 
1.38; 2.761; 25.01; 25.02; 
1.417; 2.835; 25.01; 25.02; 
1.455; 2.91; 25.01; 25.02; 
1.492; 2.985; 25.01; 25.02; 
1.529; 3.059; 25.01; 25.03; 
1.567; 3.134; 25.01; 25.03; 
1.604; 3.208; 25.01; 25.03; 
1.641; 3.283; 25.01; 25.03; 
1.679; 3.358; 25.01; 25.03; 
1.716; 3.432; 25.01; 25.03; 
1.753; 3.507; 25.01; 25.03; 
1.791; 3.582; 25.01; 25.03; 
1.828; 3.656; 25.01; 25.03; 
1.865; 3.731; 25.01; 25.03; 
1.902; 3.805; 25.01; 25.03; 
1.94; 3.88; 25.01; 25.03; 
1.977; 3.955; 25.01; 25.03; 
2.014; 4.029; 25.02; 25.04; 
2.052; 4.104; 25.02; 25.04; 
2.089; 4.179; 25.02; 25.04; 
2.126; 4.253; 25.02; 25.04; 
2.164; 4.328; 25.02; 25.04; 
2.201; 4.402; 25.02; 25.04; 
2.238; 4.477; 25.02; 25.04; 
2.276; 4.552; 25.02; 25.04; 
2.313; 4.626; 25.02; 25.04; 
2.35; 4.701; 25.02; 25.04; 
2.388; 4.776; 25.02; 25.04; 
2.425; 4.85; 25.02; 25.04; 
2.462; 4.925; 25.02; 25.04; 
2.499; 5.0; 25.02; 25.05; 
2.499; 5.0; 25.02; 25.05; 
2.499; 5.0; 25.02; 25.05; 
2.499; 5.0; 25.02; 25.05; 
2.499; 5.0; 25.02; 25.05; 
2.499; 5.0; 25.02; 25.05; 
2.499; 5.0; 25.02; 25.05; 
2.499; 5.0; 25.02; 25.05; 
2.499; 5.0; 25.02; 25.05; 
2.499; 5.0; 25.02; 25.05; 
2.499; 5.0; 25.02; 25.05; 
2.499; 5.0; 25.02; 25.05; 
2.499; 5.0; 25.02; 25.05; 
2.499; 5.0; 25.02; 25.05; 
2.499; 5.0; 25.02; 25.05; 
2.499; 5.0; 25.02; 25.05; 
2.499; 5.0; 25.02; 25.05; 
2.499; 5.0; 25.02; 25.05; 
2.499; 5.0; 25.02; 25.05; 
2.499; 5.0; 25.02; 25.05; 
2.499; 5.0; 25.02; 25.05; 
2.499; 5.0; 25.02; 25.05; 
2.499; 5.0; 25.02; 25.05; 
2.499; 5.0; 25.02; 25.05; 
2.499; 5.0; 25.02; 25.05; 
2.499; 5.0; 25.02; 25.05; 
2.499; 5.0; 25.02; 25.05; 
2.499; 5.0; 25.02; 25.05; 
2.499; 5.0; 25.02; 25.05; 
2.499; 5.0; 25.02; 25.05; 
2.499; 5.0; 25.02; 25.05; 
2.499; 5.0; 25.02; 25.05; 
2.499; 5.0; 25.02; 25.05; 
2.499; 5.0; 25.02; 25.05; 
2.499; 5.0; 25.02; 25.05; 
2.499; 5.0; 25.02; 25.05; 
2.499; 5.0; 25.02; 25.05; 
2.499; 5.0; 25.02; 25.05; 
2.499; 5.0; 25.02; 25.05; 
2.499; 5.0; 25.02; 25.05; 
2.499; 5.0; 25.02; 25.05; 
2.499; 5.0; 25.02; 25.05; 
2.499; 5.0; 25.02; 25.05; 
2.499; 5.0; 25.02; 25.05; 
2.499; 5.0; 25.02; 25.05; 
2.499; 5.0; 25.02; 25.05; 
2.499; 5.0; 25.02; 25.05; 
2.499; 5.0; 25.02; 25.05; 
2.499; 5.0; 25.02; 25.05; 
2.499; 5.0; 25.02; 25.05; 
2.499; 5.0; 25.02; 25.05; 
2.499; 5.0; 25.02; 25.05; 
2.499; 5.0; 25.02; 25.05; 
2.499; 5.0; 25.02; 25.05; 
2.499; 5.0; 25.02; 25.05; 
2.499; 5.0; 25.02; 25.05; 
2.499; 5.0; 25.02; 25.05; 
2.499; 5.0; 25.02; 25.05; 
2.499; 5.0; 25.02; 25.05; 
2.499; 5.0; 25.02; 25.05; 
2.499; 5.0; 25.02; 25.05; 
2.499; 5.0; 25.02; 25.05; 
2.499; 5.0; 25.02; 25.05; 
2.499; 5.0; 25.02; 25.05; 
2.499; 5.0; 25.02; 25.05; 
2.499; 5.0; 25.02; 25.05; 
2.499; 5.0; 25.02; 25.05; 
2.499; 5.0; 25.02; 25.05; 
2.499; 5.0; 25.02; 25.05; 
2.499; 5.0; 25.02; 25.05; 
2.499; 5.0; 25.02; 25.05; 
2.499; 5.0; 25.02; 25.05; 
2.499; 5.0; 25.02; 25.05; 
2.499; 5.0; 25.02; 25.05; 
2.499; 5.0; 25.02; 25.05; 
2.499; 5.0; 25.02; 25.05; 
2.499; 5.0; 25.02; 25.05; 
2.499; 5.0; 25.02; 25.05; 
2.499; 5.0; 25.02; 25.05; 
2.499; 5.0; 25.02; 25.05; 
2.499; 5.0; 25.02; 25.05; 
2.499; 5.0; 25.02; 25.05; 
2.499; 5.0; 25.02; 25.05; 
2.499; 5.0; 25.02; 25.05; 
2.499; 5.0; 25.02; 25.05; 
2.499; 5.0; 25.02; 25.05; 
2.499; 5.0; 25.02; 25.05; 
2.499; 5.0; 25.02; 25.05; 
2.499; 5.0; 25.02; 25.05; 
2.499; 5.0; 25.02; 25.05; 
2.499; 5.0; 25.02; 25.05; 
2.499; 5.0; 25.02; 25.05; 
2.499; 5.0; 25.02; 25.05; 
2.499; 5.0; 25.02; 25.05; 
2.499; 5.0; 25.02; 25.05; 
2.499; 5.0; 25.02; 25.05; 
2.499; 5.0; 25.02; 25.05; 
2.499; 5.0; 25.02; 25.05; 
2.499; 5.0; 25.02; 25.05; 
2.499; 5.0; 25.02; 25.05; 
2.499; 5.0; 25.02; 25.05; 
2.499; 5.0; 25.02; 25.05; 
2.499; 5.0; 25.02; 25.05; 
2.499; 5.0; 25.02; 25.05; 
2.499; 5.0; 25.02; 25.05; 
2.499; 5.0; 25.02; 25.05; 
2.499; 5.0; 25.02; 25.05; 
2.499; 5.0; 25.02; 25.05; 
2.499; 5.0; 25.02; 25.05; 
2.499; 5.0; 25.02; 25.05; 
2.499; 5.0; 25.02; 25.05; 
2.499; 5.0; 25.02; 25.05; 
2.499; 5.0; 25.02; 25.05; 
2.499; 5.0; 25.02; 25.05; 
2.499; 5.0; 25.02; 25.05; 
2.499; 5.0; 25.02; 25.05; 
2.499; 5.0; 25.02; 25.05; 
2.499; 5.0; 25.02; 25.05; 
2.499; 5.0; 25.02; 25.05; 
2.499; 5.0; 25.02; 25.05; 
2.499; 5.0; 25.02; 25.05; 
2.499; 5.0; 25.02; 25.05; 
2.499; 5.0; 25.02; 25.05; 
2.499; 5.0; 25.02; 25.05; 
2.499; 5.0; 25.02; 25.05; 
2.499; 5.0; 25.02; 25.05; 
2.499; 5.0; 25.02; 25.05; 
2.499; 5.0; 25.02; 25.05; 
2.499; 5.0; 25.02; 25.05; 
2.499; 5.0; 25.02; 25.05; 
2.499; 5.0; 25.02; 25.05; 
2.499; 5.0; 25.02; 25.05; 
2.499; 5.0; 25.02; 25.05; 
2.499; 5.0; 25.02; 25.05; 
2.499; 5.0; 25.02; 25.05; 
2.499; 5.0; 25.02; 25.05; 
2.499; 5.0; 25.02; 25.05; 
2.499; 5.0; 25.02; 25.05; 
2.499; 5.0; 25.02; 25.05; 
2.499; 5.0; 25.02; 25.05; 
2.499; 5.0; 25.02; 25.05; 
2.499; 5.0; 25.02; 25.05; 
2.499; 5.0; 25.02; 25.05; 
2.499; 5.0; 25.02; 25.05; 
2.499; 5.0; 25.02; 25.05; 
2.499; 5.0; 25.02; 25.05; 
2.499; 5.0; 25.02; 25.05; 
2.499; 5.0; 25.02; 25.05; 
2.499; 5.0; 25.02; 25.05; 
2.499; 5.0; 25.02; 25.05; 
2.499; 5.0; 25.02; 25.05; 
2.499; 5.0; 25.02; 25.05; 
2.499; 5.0; 25.02; 25.05; 
2.499; 5.0; 25.02; 25.05; 
2.499; 5.0; 25.02; 25.05; 
2.499; 5.0; 25.02; 25.05; 
2.499; 5.0; 25.02; 25.05; 
2.499; 5.0; 25.02; 25.05; 
2.499; 5.0; 25.02; 25.05; 
2.499; 5.0; 25.02; 25.05; 
2.499; 5.0; 25.02; 25.05; 
2.499; 5.0; 25.02; 25.05; 
2.499; 5.0; 25.02; 25.05; 
2.499; 5.0; 25.02; 25.05; 
2.499; 5.0; 25.02; 25.05; 
2.499; 5.0; 25.02; 25.05; 
2.499; 5.0; 25.02; 25.05; 
2.499; 5.0; 25.02; 25.05; 
2.499; 5.0; 25.02; 25.05; 
2.499; 5.0; 25.02; 25.05; 
2.499; 5.0; 25.02; 25.05; 
2.499; 5.0; 25.02; 25.05; 
2.499; 5.0; 25.02; 25.05; 
2.499; 5.0; 25.02; 25.05; 
2.499; 5.0; 25.02; 25.05; 
2.499; 5.0; 25.02; 25.05; 
2.499; 5.0; 25.02; 25.05; 
2.499; 5.0; 25.02; 25.05; 
2.499; 5.0; 25.02; 25.05; 
2.499; 5.0; 25.02; 25.05; 
2.499; 5.0; 25.02; 25.05; 
2.499; 5.0; 25.02; 25.05; 
2.499; 5.0; 25.02; 25.05; 
2.499; 5.0; 25.02; 25.05; 
2.499; 5.0; 25.02; 25.05; 
2.499; 5.0; 25.02; 25.05; 
2.499; 5.0; 25.02; 25.05; 
2.499; 5.0; 25.02; 25.05; 
2.499; 5.0; 25.02; 25.05; 
2.499; 5.0; 25.02; 25.05; 
2.499; 5.0; 25.02; 25.05; 
2.499; 5.0; 25.02; 25.05; 
2.499; 5.0; 25.02; 25.05; 
2.499; 5.0; 25.02; 25.05; 
2.499; 5.0; 25.02; 25.05; 
2.499; 5.0; 25.02; 25.05; 
2.499; 5.0; 25.02; 25.05; 
2.499; 5.0; 25.02; 25.05; 
2.499; 5.0; 25.02; 25.05; 
2.499; 5.0; 25.02; 25.05; 
2.499; 5.0; 25.02; 25.05; 
2.499; 5.0; 25.02; 25.05; 
2.499; 5.0; 25.02; 25.05; 
2.499; 5.0; 25.02; 25.05; 
2.499; 5.0; 25.02; 25.05; 
2.499; 5.0; 25.02; 25.05; 
2.499; 5.0; 25.02; 25.05; 
2.499; 5.0; 25.02; 25.05; 
2.499; 5.0; 25.02; 25.05; 
2.499; 5.0; 25.02; 25.05; 
2.499; 5.0; 25.02; 25.05; 
2.499; 5.0; 25.02; 25.05; 
2.499; 5.0; 25.02; 25.05; 
2.499; 5.0; 25.02; 25.05; 
2.499; 5.0; 25.02; 25.05; 
2.499; 5.0; 25.02; 25.05; 
2.499; 5.0; 25.02; 25.05; 
2.499; 5.0; 25.02; 25.05; 
2.499; 5.0; 25.02; 25.05; 
2.499; 5.0; 25.02; 25.05; 
2.499; 5.0; 25.02; 25.05; 
2.499; 5.0; 25.02; 25.05; 
2.499; 5.0; 25.02; 25.05; 
2.499; 5.0; 25.02; 25.05; 
2.499; 5.0; 25.02; 25.05; 
2.499; 5.0; 25.02; 25.05; 
2.499; 5.0; 25.02; 25.05; 
2.499; 5.0; 25.02; 25.05; 
2.499; 5.0; 25.02; 25.05; 
2.499; 5.0; 25.02; 25.05; 
2.499; 5.0; 25.02; 25.05; 
2.499; 5.0; 25.02; 25.05; 
2.499; 5.0; 25.02; 25.05; 
2.499; 5.0; 25.02; 25.05; 
2.462; 4.925; 25.02; 25.04; 
2.425; 4.85; 25.02; 25.04; 
2.388; 4.776; 25.02; 25.04; 
2.35; 4.701; 25.02; 25.04; 
2.313; 4.626; 25.02; 25.04; 
2.276; 4.552; 25.02; 25.04; 
2.238; 4.477; 25.02; 25.04; 
2.201; 4.402; 25.02; 25.04; 
2.164; 4.328; 25.02; 25.04; 
2.126; 4.253; 25.02; 25.04; 
2.089; 4.179; 25.02; 25.04; 
2.052; 4.104; 25.02; 25.04; 
2.014; 4.029; 25.02; 25.04; 
1.977; 3.955; 25.01; 25.03; 
1.94; 3.88; 25.01; 25.03; 
1.902; 3.805; 25.01; 25.03; 
1.865; 3.731; 25.01; 25.03; 
1.828; 3.656; 25.01; 25.03; 
1.791; 3.582; 25.01; 25.03; 
1.753; 3.507; 25.01; 25.03; 
1.716; 3.432; 25.01; 25.03; 
1.679; 3.358; 25.01; 25.03; 
1.641; 3.283; 25.01; 25.03; 
1.604; 3.208; 25.01; 25.03; 
1.567; 3.134; 25.01; 25.03; 
1.529; 3.059; 25.01; 25.03; 
1.492; 2.985; 25.01; 25.02; 
1.455; 2.91; 25.01; 25.02; 
1.417; 2.835; 25.01; 25.02; 
1.38; 2.761; 25.01; 25.02; 
1.343; 2.686; 25.01; 25.02; 
1.305; 2.611; 25.01; 25.02; 
1.268; 2.537; 25.01; 25.02; 
1.231; 2.462; 25.01; 25.02; 
1.194; 2.388; 25.01; 25.02; 
1.156; 2.313; 25.01; 25.02; 
1.119; 2.238; 25.01; 25.02; 
1.082; 2.164; 25.01; 25.02; 
1.044; 2.089; 25.01; 25.02; 
1.007; 2.014; 25.01; 25.02; 
0.97; 1.94; 25.0; 25.01; 
0.932; 1.865; 25.0; 25.01; 
0.895; 1.791; 25.0; 25.01; 
0.858; 1.716; 25.0; 25.01; 
0.82; 1.641; 25.0; 25.01; 
0.783; 1.567; 25.0; 25.01; 
0.746; 1.492; 25.0; 25.01; 
0.708; 1.417; 25.0; 25.01; 
0.671; 1.343; 25.0; 25.01; 
0.634; 1.268; 25.0; 25.01; 
0.597; 1.194; 25.0; 25.01; 
0.559; 1.119; 25.0; 25.01; 
0.522; 1.044; 25.0; 25.01; 
0.485; 0.97; 25.0; 25.0; 
0.447; 0.895; 25.0; 25.0; 
0.41; 0.82; 25.0; 25.0; 
0.373; 0.746; 25.0; 25.0; 
0.335; 0.671; 25.0; 25.0; 
0.298; 0.597; 25.0; 25.0; 
0.261; 0.522; 25.0; 25.0; 
0.223; 0.447; 25.0; 25.0; 
0.186; 0.373; 25.0; 25.0; 
0.149; 0.298; 25.0; 25.0; 
0.111; 0.223; 25.0; 25.0; 
0.074; 0.149; 25.0; 25.0; 
0.037; 0.074; 25.0; 25.0; 
0.000; 0.000; 25.0; 25.0; 
0.05; 0.05; 25.0; 25.0; 
0.1; 0.1; 25.0; 25.0; 
0.15; 0.15; 25.0; 25.0; 
0.2; 0.2; 25.0; 25.0; 
0.25; 0.25; 25.0; 25.0; 
0.3; 0.3; 25.01; 25.01; 
0.35; 0.35; 25.01; 25.01; 
0.4; 0.4; 25.01; 25.01; 
0.449; 0.449; 25.02; 25.02; 
0.5; 0.5; 25.02; 25.02; 
0.55; 0.55; 25.03; 25.03; 
0.6; 0.6; 25.03; 25.03; 
0.65; 0.65; 25.04; 25.04; 
0.7; 0.7; 25.05; 25.05; 
0.75; 0.75; 25.06; 25.06; 
0.8; 0.8; 25.06; 25.06; 
0.85; 0.85; 25.07; 25.07; 
0.899; 0.899; 25.08; 25.08; 
0.95; 0.95; 25.09; 25.09; 
1.0; 1.0; 25.1; 25.1; 
1.05; 1.05; 25.11; 25.11; 
1.1; 1.1; 25.12; 25.12; 
1.15; 1.15; 25.13; 25.13; 
1.2; 1.2; 25.15; 25.15; 
1.25; 1.25; 25.16; 25.16; 
1.3; 1.3; 25.17; 25.17; 
1.35; 1.35; 25.18; 25.18; 
1.4; 1.4; 25.2; 25.2; 
1.45; 1.45; 25.21; 25.21; 
1.5; 1.5; 25.23; 25.23; 
1.55; 1.55; 25.24; 25.24; 
1.6; 1.6; 25.26; 25.26; 
1.65; 1.65; 25.28; 25.28; 
1.7; 1.7; 25.29; 25.29; 
1.75; 1.75; 25.31; 25.31; 
1.799; 1.799; 25.33; 25.33; 
1.85; 1.85; 25.35; 25.35; 
1.9; 1.9; 25.37; 25.37; 
1.95; 1.95; 25.39; 25.39; 
2.0; 2.0; 25.41; 25.41; 
2.05; 2.05; 25.43; 25.43; 
2.1; 2.1; 25.45; 25.45; 
2.15; 2.15; 25.47; 25.47; 
2.2; 2.2; 25.49; 25.49; 
2.25; 2.25; 25.51; 25.51; 
2.3; 2.3; 25.54; 25.54; 
2.349; 2.349; 25.56; 25.56; 
2.4; 2.4; 25.58; 25.58; 
2.45; 2.45; 25.61; 25.61; 
2.5; 2.5; 25.63; 25.63; 
2.55; 2.55; 25.66; 25.66; 
2.6; 2.6; 25.68; 25.68; 
2.65; 2.65; 25.71; 25.71; 
2.7; 2.7; 25.74; 25.74; 
2.75; 2.75; 25.77; 25.77; 
2.8; 2.8; 25.79; 25.79; 
2.849; 2.849; 25.82; 25.82; 
2.9; 2.9; 25.85; 25.85; 
2.949; 2.949; 25.88; 25.88; 
3.0; 3.0; 25.91; 25.91; 
3.05; 3.05; 25.94; 25.94; 
3.1; 3.1; 25.97; 25.97; 
3.15; 3.15; 26.0; 26.0; 
3.2; 3.2; 26.04; 26.04; 
3.25; 3.25; 26.07; 26.07; 
3.3; 3.3; 26.1; 26.1; 
3.35; 3.35; 26.13; 26.13; 
3.4; 3.4; 26.17; 26.17; 
3.449; 3.449; 26.2; 26.2; 
3.5; 3.5; 26.24; 26.24; 
3.55; 3.55; 26.27; 26.27; 
3.599; 3.599; 26.31; 26.31; 
3.65; 3.65; 26.35; 26.35; 
3.7; 3.7; 26.38; 26.38; 
3.75; 3.75; 26.42; 26.42; 
3.8; 3.8; 26.46; 26.46; 
3.85; 3.85; 26.5; 26.5; 
3.9; 3.9; 26.54; 26.54; 
3.95; 3.95; 26.58; 26.58; 
4.0; 4.0; 26.62; 26.62; 
4.05; 4.05; 26.66; 26.66; 
4.1; 4.1; 26.7; 26.7; 
4.149; 4.149; 26.74; 26.74; 
4.2; 4.2; 26.78; 26.78; 
4.25; 4.25; 26.82; 26.82; 
4.3; 4.3; 26.87; 26.87; 
4.35; 4.35; 26.91; 26.91; 
4.4; 4.4; 26.95; 26.95; 
4.45; 4.45; 27.0; 27.0; 
4.5; 4.5; 27.04; 27.04; 
4.55; 4.55; 27.09; 27.09; 
4.6; 4.6; 27.13; 27.13; 
4.65; 4.65; 27.18; 27.18; 
4.699; 4.699; 27.23; 27.23; 
4.75; 4.75; 27.28; 27.28; 
4.8; 4.8; 27.32; 27.32; 
4.85; 4.85; 27.37; 27.37; 
4.9; 4.9; 27.42; 27.42; 
4.95; 4.95; 27.47; 27.47; 
5.0; 5.0; 27.52; 27.52; 
5.0; 5.0; 27.57; 27.57; 
5.0; 5.0; 27.62; 27.62; 
5.0; 5.0; 27.67; 27.67; 
5.0; 5.0; 27.72; 27.72; 
5.0; 5.0; 27.77; 27.77; 
5.0; 5.0; 27.82; 27.82; 
5.0; 5.0; 27.87; 27.87; 
5.0; 5.0; 27.92; 27.92; 
5.0; 5.0; 27.97; 27.97; 
5.0; 5.0; 28.02; 28.02; 
5.0; 5.0; 28.07; 28.07; 
5.0; 5.0; 28.12; 28.12; 
5.0; 5.0; 28.17; 28.17; 
5.0; 5.0; 28.22; 28.22; 
5.0; 5.0; 28.27; 28.27; 
5.0; 5.0; 28.32; 28.32; 
5.0; 5.0; 28.37; 28.37; 
5.0; 5.0; 28.42; 28.42; 
5.0; 5.0; 28.47; 28.47; 
5.0; 5.0; 28.52; 28.52; 
5.0; 5.0; 28.57; 28.57; 
5.0; 5.0; 28.62; 28.62; 
5.0; 5.0; 28.67; 28.67; 
5.0; 5.0; 28.72; 28.72; 
5.0; 5.0; 28.77; 28.77; 
5.0; 5.0; 28.82; 28.82; 
5.0; 5.0; 28.87; 28.87; 
5.0; 5.0; 28.92; 28.92; 
5.0; 5.0; 28.97; 28.97; 
5.0; 5.0; 29.02; 29.02; 
5.0; 5.0; 29.07; 29.07; 
5.0; 5.0; 29.12; 29.12; 
5.0; 5.0; 29.17; 29.17; 
5.0; 5.0; 29.22; 29.22; 
5.0; 5.0; 29.27; 29.27; 
5.0; 5.0; 29.32; 29.32; 
5.0; 5.0; 29.37; 29.37; 
5.0; 5.0; 29.42; 29.42; 
5.0; 5.0; 29.47; 29.47; 
5.0; 5.0; 29.52; 29.52; 
5.0; 5.0; 29.57; 29.57; 
5.0; 5.0; 29.62; 29.62; 
5.0; 5.0; 29.67; 29.67; 
5.0; 5.0; 29.72; 29.72; 
5.0; 5.0; 29.77; 29.77; 
5.0; 5.0; 29.82; 29.82; 
5.0; 5.0; 29.87; 29.87; 
5.0; 5.0; 29.92; 29.92; 
5.0; 5.0; 29.97; 29.97; 
5.0; 5.0; 30.02; 30.02; 
5.0; 5.0; 30.07; 30.07; 
5.0; 5.0; 30.12; 30.12; 
5.0; 5.0; 30.17; 30.17; 
5.0; 5.0; 30.22; 30.22; 
5.0; 5.0; 30.27; 30.27; 
5.0; 5.0; 30.32; 30.32; 
5.0; 5.0; 30.37; 30.37; 
5.0; 5.0; 30.42; 30.42; 
5.0; 5.0; 30.47; 30.47; 
5.0; 5.0; 30.52; 30.52; 
5.0; 5.0; 30.57; 30.57; 
5.0; 5.0; 30.62; 30.62; 
5.0; 5.0; 30.67; 30.67; 
5.0; 5.0; 30.72; 30.72; 
5.0; 5.0; 30.77; 30.77; 
5.0; 5.0; 30.82; 30.82; 
5.0; 5.0; 30.87; 30.87; 
5.0; 5.0; 30.92; 30.92; 
5.0; 5.0; 30.97; 30.97; 
5.0; 5.0; 31.02; 31.02; 
5.0; 5.0; 31.07; 31.07; 
5.0; 5.0; 31.12; 31.12; 
5.0; 5.0; 31.17; 31.17; 
5.0; 5.0; 31.22; 31.22; 
5.0; 5.0; 31.27; 31.27; 
5.0; 5.0; 31.32; 31.32; 
5.0; 5.0; 31.37; 31.37; 
5.0; 5.0; 31.42; 31.42; 
5.0; 5.0; 31.47; 31.47; 
5.0; 5.0; 31.52; 31.52; 
5.0; 5.0; 31.57; 31.57; 
5.0; 5.0; 31.62; 31.62; 
5.0; 5.0; 31.67; 31.67; 
5.0; 5.0; 31.72; 31.72; 
5.0; 5.0; 31.77; 31.77; 
5.0; 5.0; 31.82; 31.82; 
5.0; 5.0; 31.87; 31.87; 
5.0; 5.0; 31.92; 31.92; 
5.0; 5.0; 31.97; 31.97; 
5.0; 5.0; 32.02; 32.02; 
5.0; 5.0; 32.07; 32.07; 
5.0; 5.0; 32.12; 32.12; 
5.0; 5.0; 32.17; 32.17; 
5.0; 5.0; 32.22; 32.22; 
5.0; 5.0; 32.27; 32.27; 
5.0; 5.0; 32.32; 32.32; 
5.0; 5.0; 32.37; 32.37; 
5.0; 5.0; 32.42; 32.42; 
5.0; 5.0; 32.47; 32.47; 
5.0; 5.0; 32.52; 32.52; 
5.0; 5.0; 32.57; 32.57; 
5.0; 5.0; 32.62; 32.62; 
5.0; 5.0; 32.67; 32.67; 
5.0; 5.0; 32.72; 32.72; 
5.0; 5.0; 32.77; 32.77; 
5.0; 5.0; 32.82; 32.82; 
5.0; 5.0; 32.87; 32.87; 
5.0; 5.0; 32.92; 32.92; 
5.0; 5.0; 32.97; 32.97; 
5.0; 5.0; 33.02; 33.02; 
5.0; 5.0; 33.07; 33.07; 
5.0; 5.0; 33.12; 33.12; 
5.0; 5.0; 33.17; 33.17; 
5.0; 5.0; 33.22; 33.22; 
5.0; 5.0; 33.27; 33.27; 
5.0; 5.0; 33.32; 33.32; 
5.0; 5.0; 33.37; 33.37; 
5.0; 5.0; 33.42; 33.42; 
5.0; 5.0; 33.47; 33.47; 
5.0; 5.0; 33.52; 33.52; 
5.0; 5.0; 33.57; 33.57; 
5.0; 5.0; 33.62; 33.62; 
5.0; 5.0; 33.67; 33.67; 
5.0; 5.0; 33.72; 33.72; 
5.0; 5.0; 33.77; 33.77; 
5.0; 5.0; 33.82; 33.82; 
5.0; 5.0; 33.87; 33.87; 
5.0; 5.0; 33.92; 33.92; 
5.0; 5.0; 33.97; 33.97; 
5.0; 5.0; 34.02; 34.02; 
5.0; 5.0; 34.07; 34.07; 
5.0; 5.0; 34.12; 34.12; 
5.0; 5.0; 34.17; 34.17; 
5.0; 5.0; 34.22; 34.22; 
5.0; 5.0; 34.27; 34.27; 
5.0; 5.0; 34.32; 34.32; 
5.0; 5.0; 34.37; 34.37; 
5.0; 5.0; 34.42; 34.42; 
5.0; 5.0; 34.47; 34.47; 
5.0; 5.0; 34.52; 34.52; 
5.0; 5.0; 34.57; 34.57; 
5.0; 5.0; 34.62; 34.62; 
5.0; 5.0; 34.67; 34.67; 
5.0; 5.0; 34.72; 34.72; 
5.0; 5.0; 34.77; 34.77; 
5.0; 5.0; 34.82; 34.82; 
5.0; 5.0; 34.87; 34.87; 
5.0; 5.0; 34.92; 34.92; 
5.0; 5.0; 34.97; 34.97; 
5.0; 5.0; 35.02; 35.02; 
5.0; 5.0; 35.07; 35.07; 
5.0; 5.0; 35.12; 35.12; 
5.0; 5.0; 35.17; 35.17; 
5.0; 5.0; 35.22; 35.22; 
5.0; 5.0; 35.27; 35.27; 
5.0; 5.0; 35.32; 35.32; 
5.0; 5.0; 35.37; 35.37; 
5.0; 5.0; 35.42; 35.42; 
5.0; 5.0; 35.47; 35.47; 
5.0; 5.0; 35.52; 35.52; 
5.0; 5.0; 35.57; 35.57; 
5.0; 5.0; 35.62; 35.62; 
5.0; 5.0; 35.67; 35.67; 
5.0; 5.0; 35.72; 35.72; 
5.0; 5.0; 35.77; 35.77; 
5.0; 5.0; 35.82; 35.82; 
5.0; 5.0; 35.87; 35.87; 
5.0; 5.0; 35.92; 35.92; 
5.0; 5.0; 35.97; 35.97; 
5.0; 5.0; 36.02; 36.02; 
5.0; 5.0; 36.07; 36.07; 
5.0; 5.0; 36.12; 36.12; 
5.0; 5.0; 36.17; 36.17; 
5.0; 5.0; 36.22; 36.22; 
5.0; 5.0; 36.27; 36.27; 
5.0; 5.0; 36.32; 36.32; 
5.0; 5.0; 36.37; 36.37; 
5.0; 5.0; 36.42; 36.42; 
5.0; 5.0; 36.47; 36.47; 
5.0; 5.0; 36.52; 36.52; 
5.0; 5.0; 36.57; 36.57; 
5.0; 5.0; 36.62; 36.62; 
5.0; 5.0; 36.67; 36.67; 
5.0; 5.0; 36.72; 36.72; 
5.0; 5.0; 36.77; 36.77; 
5.0; 5.0; 36.82; 36.82; 
5.0; 5.0; 36.87; 36.87; 
5.0; 5.0; 36.92; 36.92; 
5.0; 5.0; 36.97; 36.97; 
5.0; 5.0; 37.02; 37.02; 
5.0; 5.0; 37.07; 37.07; 
5.0; 5.0; 37.12; 37.12; 
5.0; 5.0; 37.17; 37.17; 
5.0; 5.0; 37.22; 37.22; 
5.0; 5.0; 37.27; 37.27; 
5.0; 5.0; 37.32; 37.32; 
5.0; 5.0; 37.37; 37.37; 
5.0; 5.0; 37.42; 37.42; 
5.0; 5.0; 37.47; 37.47; 
5.0; 5.0; 37.52; 37.52; 
5.0; 5.0; 37.57; 37.57; 
5.0; 5.0; 37.62; 37.62; 
5.0; 5.0; 37.67; 37.67; 
5.0; 5.0; 37.72; 37.72; 
5.0; 5.0; 37.77; 37.77; 
5.0; 5.0; 37.82; 37.82; 
5.0; 5.0; 37.87; 37.87; 
5.0; 5.0; 37.92; 37.92; 
5.0; 5.0; 37.97; 37.97; 
5.0; 5.0; 38.02; 38.02; 
5.0; 5.0; 38.07; 38.07; 
5.0; 5.0; 38.12; 38.12; 
5.0; 5.0; 38.17; 38.17; 
5.0; 5.0; 38.22; 38.22; 
5.0; 5.0; 38.27; 38.27; 
5.0; 5.0; 38.32; 38.32; 
5.0; 5.0; 38.37; 38.37; 
5.0; 5.0; 38.42; 38.42; 
5.0; 5.0; 38.47; 38.47; 
5.0; 5.0; 38.52; 38.52; 
5.0; 5.0; 38.57; 38.57; 
5.0; 5.0; 38.62; 38.62; 
5.0; 5.0; 38.67; 38.67; 
5.0; 5.0; 38.72; 38.72; 
5.0; 5.0; 38.77; 38.77; 
5.0; 5.0; 38.82; 38.82; 
5.0; 5.0; 38.87; 38.87; 
5.0; 5.0; 38.92; 38.92; 
5.0; 5.0; 38.97; 38.97; 
5.0; 5.0; 39.02; 39.02; 
5.0; 5.0; 39.07; 39.07; 
5.0; 5.0; 39.12; 39.12; 
5.0; 5.0; 39.17; 39.17; 
5.0; 5.0; 39.22; 39.22; 
5.0; 5.0; 39.27; 39.27; 
5.0; 5.0; 39.32; 39.32; 
5.0; 5.0; 39.37; 39.37; 
5.0; 5.0; 39.42; 39.42; 
5.0; 5.0; 39.47; 39.47; 
5.0; 5.0; 39.52; 39.52; 
5.0; 5.0; 39.57; 39.57; 
5.0; 5.0; 39.62; 39.62; 
5.0; 5.0; 39.67; 39.67; 
5.0; 5.0; 39.72; 39.72; 
5.0; 5.0; 39.77; 39.77; 
5.0; 5.0; 39.82; 39.82; 
5.0; 5.0; 39.87; 39.87; 
5.0; 5.0; 39.92; 39.92; 
5.0; 5.0; 39.97; 39.97; 
5.0; 5.0; 40.02; 40.02; 
5.0; 5.0; 40.07; 40.07; 
5.0; 5.0; 40.12; 40.12; 
5.0; 5.0; 40.17; 40.17; 
5.0; 5.0; 40.22; 40.22; 
5.0; 5.0; 40.27; 40.27; 
5.0; 5.0; 40.32; 40.32; 
5.0; 5.0; 40.37; 40.37; 
5.0; 5.0; 40.42; 40.42; 
5.0; 5.0; 40.47; 40.47; 
5.0; 5.0; 40.52; 40.52; 
5.0; 5.0; 40.57; 40.57; 
5.0; 5.0; 40.62; 40.62; 
5.0; 5.0; 40.67; 40.67; 
5.0; 5.0; 40.72; 40.72; 
5.0; 5.0; 40.77; 40.77; 
5.0; 5.0; 40.82; 40.82; 
5.0; 5.0; 40.87; 40.87; 
5.0; 5.0; 40.92; 40.92; 
5.0; 5.0; 40.97; 40.97; 
5.0; 5.0; 41.02; 41.02; 
5.0; 5.0; 41.07; 41.07; 
5.0; 5.0; 41.12; 41.12; 
5.0; 5.0; 41.17; 41.17; 
5.0; 5.0; 41.22; 41.22; 
5.0; 5.0; 41.27; 41.27; 
5.0; 5.0; 41.32; 41.32; 
5.0; 5.0; 41.37; 41.37; 
5.0; 5.0; 41.42; 41.42; 
5.0; 5.0; 41.47; 41.47; 
5.0; 5.0; 41.52; 41.52; 
5.0; 5.0; 41.57; 41.57; 
5.0; 5.0; 41.62; 41.62; 
5.0; 5.0; 41.67; 41.67; 
5.0; 5.0; 41.72; 41.72; 
5.0; 5.0; 41.77; 41.77; 
5.0; 5.0; 41.82; 41.82; 
5.0; 5.0; 41.87; 41.87; 
5.0; 5.0; 41.92; 41.92; 
5.0; 5.0; 41.97; 41.97; 
5.0; 5.0; 42.02; 42.02; 
5.0; 5.0; 42.07; 42.07; 
5.0; 5.0; 42.12; 42.12; 
5.0; 5.0; 42.17; 42.17; 
5.0; 5.0; 42.22; 42.22; 
5.0; 5.0; 42.27; 42.27; 
5.0; 5.0; 42.32; 42.32; 
5.0; 5.0; 42.37; 42.37; 
5.0; 5.0; 42.42; 42.42; 
5.0; 5.0; 42.47; 42.47; 
5.0; 5.0; 42.52; 42.52; 
5.0; 5.0; 42.57; 42.57; 
5.0; 5.0; 42.62; 42.62; 
5.0; 5.0; 42.67; 42.67; 
5.0; 5.0; 42.72; 42.72; 
5.0; 5.0; 42.77; 42.77; 
5.0; 5.0; 42.82; 42.82; 
5.0; 5.0; 42.87; 42.87; 
5.0; 5.0; 42.92; 42.92; 
5.0; 5.0; 42.97; 42.97; 
5.0; 5.0; 43.02; 43.02; 
5.0; 5.0; 43.07; 43.07; 
5.0; 5.0; 43.12; 43.12; 
5.0; 5.0; 43.17; 43.17; 
5.0; 5.0; 43.22; 43.22; 
5.0; 5.0; 43.27; 43.27; 
5.0; 5.0; 43.32; 43.32; 
5.0; 5.0; 43.37; 43.37; 
5.0; 5.0; 43.42; 43.42; 
5.0; 5.0; 43.47; 43.47; 
5.0; 5.0; 43.52; 43.52; 
5.0; 5.0; 43.57; 43.57; 
5.0; 5.0; 43.62; 43.62; 
5.0; 5.0; 43.67; 43.67; 
5.0; 5.0; 43.72; 43.72; 
5.0; 5.0; 43.77; 43.77; 
5.0; 5.0; 43.82; 43.82; 
5.0; 5.0; 43.87; 43.87; 
5.0; 5.0; 43.92; 43.92; 
5.0; 5.0; 43.97; 43.97; 
5.0; 5.0; 44.02; 44.02; 
5.0; 5.0; 44.07; 44.07; 
5.0; 5.0; 44.12; 44.12; 
5.0; 5.0; 44.17; 44.17; 
5.0; 5.0; 44.22; 44.22; 
5.0; 5.0; 44.27; 44.27; 
5.0; 5.0; 44.32; 44.32; 
5.0; 5.0; 44.37; 44.37; 
5.0; 5.0; 44.42; 44.42; 
5.0; 5.0; 44.47; 44.47; 
5.0; 5.0; 44.52; 44.52; 
5.0; 5.0; 44.57; 44.57; 
5.0; 5.0; 44.62; 44.62; 
5.0; 5.0; 44.67; 44.67; 
5.0; 5.0; 44.72; 44.72; 
5.0; 5.0; 44.77; 44.77; 
5.0; 5.0; 44.82; 44.82; 
5.0; 5.0; 44.87; 44.87; 
5.0; 5.0; 44.92; 44.92; 
5.0; 5.0; 44.97; 44.97; 
5.0; 5.0; 45.02; 45.02; 
5.0; 5.0; 45.07; 45.07; 
5.0; 5.0; 45.12; 45.12; 
5.0; 5.0; 45.17; 45.17; 
5.0; 5.0; 45.22; 45.22; 
5.0; 5.0; 45.27; 45.27; 
5.0; 5.0; 45.32; 45.32; 
5.0; 5.0; 45.37; 45.37; 
5.0; 5.0; 45.42; 45.42; 
5.0; 5.0; 45.47; 45.47; 
5.0; 5.0; 45.52; 45.52; 
5.0; 5.0; 45.57; 45.57; 
5.0; 5.0; 45.62; 45.62; 
5.0; 5.0; 45.67; 45.67; 
5.0; 5.0; 45.72; 45.72; 
5.0; 5.0; 45.77; 45.77; 
5.0; 5.0; 45.82; 45.82; 
5.0; 5.0; 45.87; 45.87; 
5.0; 5.0; 45.92; 45.92; 
5.0; 5.0; 45.97; 45.97; 
5.0; 5.0; 46.02; 46.02; 
5.0; 5.0; 46.07; 46.07; 
5.0; 5.0; 46.12; 46.12; 
5.0; 5.0; 46.17; 46.17; 
5.0; 5.0; 46.22; 46.22; 
5.0; 5.0; 46.27; 46.27; 
5.0; 5.0; 46.32; 46.32; 
5.0; 5.0; 46.37; 46.37; 
5.0; 5.0; 46.42; 46.42; 
5.0; 5.0; 46.47; 46.47; 
5.0; 5.0; 46.52; 46.52; 
5.0; 5.0; 46.57; 46.57; 
5.0; 5.0; 46.62; 46.62; 
5.0; 5.0; 46.67; 46.67; 
5.0; 5.0; 46.72; 46.72; 
5.0; 5.0; 46.77; 46.77; 
5.0; 5.0; 46.82; 46.82; 
5.0; 5.0; 46.87; 46.87; 
5.0; 5.0; 46.92; 46.92; 
5.0; 5.0; 46.97; 46.97; 
5.0; 5.0; 47.02; 47.02; 
5.0; 5.0; 47.07; 47.07; 
5.0; 5.0; 47.12; 47.12; 
5.0; 5.0; 47.17; 47.17; 
5.0; 5.0; 47.22; 47.22; 
5.0; 5.0; 47.27; 47.27; 
5.0; 5.0; 47.32; 47.32; 
5.0; 5.0; 47.37; 47.37; 
5.0; 5.0; 47.42; 47.42; 
5.0; 5.0; 47.47; 47.47; 
5.0; 5.0; 47.52; 47.52; 
4.95; 4.95; 47.57; 47.57; 
4.9; 4.9; 47.62; 47.62; 
4.85; 4.85; 47.67; 47.67; 
4.8; 4.8; 47.71; 47.71; 
4.75; 4.75; 47.76; 47.76; 
4.699; 4.699; 47.81; 47.81; 
4.649; 4.649; 47.86; 47.86; 
4.6; 4.6; 47.9; 47.9; 
4.55; 4.55; 47.95; 47.95; 
4.5; 4.5; 47.99; 47.99; 
4.45; 4.45; 48.04; 48.04; 
4.4; 4.4; 48.08; 48.08; 
4.35; 4.35; 48.12; 48.12; 
4.3; 4.3; 48.17; 48.17; 
4.25; 4.25; 48.21; 48.21; 
4.2; 4.2; 48.25; 48.25; 
4.149; 4.149; 48.29; 48.29; 
4.1; 4.1; 48.33; 48.33; 
4.05; 4.05; 48.37; 48.37; 
4.0; 4.0; 48.41; 48.41; 
3.95; 3.95; 48.45; 48.45; 
3.9; 3.9; 48.49; 48.49; 
3.85; 3.85; 48.53; 48.53; 
3.8; 3.8; 48.57; 48.57; 
3.75; 3.75; 48.61; 48.61; 
3.7; 3.7; 48.64; 48.64; 
3.65; 3.65; 48.68; 48.68; 
3.599; 3.599; 48.72; 48.72; 
3.55; 3.55; 48.75; 48.75; 
3.5; 3.5; 48.79; 48.79; 
3.449; 3.449; 48.82; 48.82; 
3.399; 3.399; 48.86; 48.86; 
3.349; 3.349; 48.89; 48.89; 
3.3; 3.3; 48.92; 48.92; 
3.25; 3.25; 48.95; 48.95; 
3.2; 3.2; 48.99; 48.99; 
3.15; 3.15; 49.02; 49.02; 
3.1; 3.1; 49.05; 49.05; 
3.05; 3.05; 49.08; 49.08; 
3.0; 3.0; 49.11; 49.11; 
2.95; 2.95; 49.14; 49.14; 
2.9; 2.9; 49.17; 49.17; 
2.85; 2.85; 49.2; 49.2; 
2.8; 2.8; 49.22; 49.22; 
2.75; 2.75; 49.25; 49.25; 
2.7; 2.7; 49.28; 49.28; 
2.65; 2.65; 49.31; 49.31; 
2.6; 2.6; 49.33; 49.33; 
2.55; 2.55; 49.36; 49.36; 
2.5; 2.5; 49.38; 49.38; 
2.45; 2.45; 49.41; 49.41; 
2.4; 2.4; 49.43; 49.43; 
2.349; 2.349; 49.45; 49.45; 
2.3; 2.3; 49.48; 49.48; 
2.25; 2.25; 49.5; 49.5; 
2.199; 2.199; 49.52; 49.52; 
2.15; 2.15; 49.54; 49.54; 
2.1; 2.1; 49.56; 49.56; 
2.05; 2.05; 49.58; 49.58; 
2.0; 2.0; 49.6; 49.6; 
1.95; 1.95; 49.62; 49.62; 
1.9; 1.9; 49.64; 49.64; 
1.85; 1.85; 49.66; 49.66; 
1.799; 1.799; 49.68; 49.68; 
1.75; 1.75; 49.7; 49.7; 
1.699; 1.699; 49.71; 49.71; 
1.65; 1.65; 49.73; 49.73; 
1.599; 1.599; 49.75; 49.75; 
1.55; 1.55; 49.76; 49.76; 
1.5; 1.5; 49.78; 49.78; 
1.45; 1.45; 49.79; 49.79; 
1.4; 1.4; 49.81; 49.81; 
1.35; 1.35; 49.82; 49.82; 
1.3; 1.3; 49.83; 49.83; 
1.25; 1.25; 49.84; 49.84; 
1.2; 1.2; 49.86; 49.86; 
1.15; 1.15; 49.87; 49.87; 
1.099; 1.099; 49.88; 49.88; 
1.049; 1.049; 49.89; 49.89; 
0.999; 0.999; 49.9; 49.9; 
0.949; 0.949; 49.91; 49.91; 
0.9; 0.9; 49.92; 49.92; 
0.85; 0.85; 49.93; 49.93; 
0.8; 0.8; 49.93; 49.93; 
0.75; 0.75; 49.94; 49.94; 
0.7; 0.7; 49.95; 49.95; 
0.65; 0.65; 49.96; 49.96; 
0.6; 0.6; 49.96; 49.96; 
0.549; 0.549; 49.97; 49.97; 
0.499; 0.499; 49.97; 49.97; 
0.449; 0.449; 49.98; 49.98; 
0.399; 0.399; 49.98; 49.98; 
0.349; 0.349; 49.98; 49.98; 
0.3; 0.3; 49.99; 49.99; 
0.25; 0.25; 49.99; 49.99; 
0.2; 0.2; 49.99; 49.99; 
0.15; 0.15; 49.99; 49.99; 
0.1; 0.1; 49.99; 49.99; 
0.05; 0.05; 49.99; 49.99; 
